1 0.679255 0.291344 0.679455 0.291544 
2 0.525903 0.575805 0.526103 0.576005 
3 0.593775 0.382267 0.593975 0.382467 
4 0.183368 0.833194 0.183568 0.833394 
5 0.254167 0.709041 0.254367 0.709241 
6 0.479862 0.343730 0.480062 0.343930 
7 0.061638 0.832555 0.061838 0.832755 
8 0.181145 0.655255 0.181345 0.655455 
9 0.517201 0.466533 0.517401 0.466733 
10 0.719460 0.237559 0.719660 0.237759 
11 0.292911 0.788246 0.293111 0.788446 
12 0.252668 0.841292 0.252868 0.841492 
13 0.379698 0.622150 0.379898 0.622350 
14 0.561543 0.470274 0.561743 0.470474 
15 0.257246 0.688466 0.257446 0.688666 
16 0.568845 0.596518 0.569045 0.596718 
17 0.556743 0.593074 0.556943 0.593274 
18 0.474260 0.464242 0.474460 0.464442 
19 0.565962 0.534361 0.566162 0.534561 
20 0.355889 0.502443 0.356089 0.502643 
21 0.510889 0.581453 0.511089 0.581653 
22 0.573442 0.363541 0.573642 0.363741 
23 0.486364 0.517116 0.486564 0.517316 
24 0.494001 0.413542 0.494201 0.413742 
25 0.420453 0.576682 0.420653 0.576882 
26 0.363446 0.692656 0.363646 0.692856 
27 0.778390 0.214929 0.778590 0.215129 
28 0.285129 0.722796 0.285329 0.722996 
29 0.476567 0.613534 0.476767 0.613734 
30 0.499696 0.584271 0.499896 0.584471 
31 0.611158 0.289007 0.611358 0.289207 
32 0.557016 0.679003 0.557216 0.679203 
33 0.466174 0.606505 0.466374 0.606705 
34 0.064674 0.999900 0.064874 1.000100 
35 0.575825 0.490084 0.576025 0.490284 
36 0.429295 0.503495 0.429495 0.503695 
37 0.427068 0.679907 0.427268 0.680107 
38 0.678104 0.339778 0.678304 0.339978 
39 0.346547 0.613513 0.346747 0.613713 
40 0.388365 0.813343 0.388565 0.813543 
41 0.754615 0.283524 0.754815 0.283724 
42 0.326434 0.665158 0.326634 0.665358 
43 0.592218 0.321602 0.592418 0.321802 
44 0.594267 0.383557 0.594467 0.383757 
45 0.478640 0.308532 0.478840 0.308732 
46 0.370087 0.669674 0.370287 0.669874 
47 0.484220 0.446357 0.484420 0.446557 
48 0.390749 0.602417 0.390949 0.602617 
49 0.263394 0.822397 0.263594 0.822597 
50 0.133885 0.879476 0.134085 0.879676 
51 0.255014 0.743070 0.255214 0.743270 
52 0.777723 0.214823 0.777923 0.215023 
53 0.289367 0.589746 0.289567 0.589946 
54 0.518560 0.473186 0.518760 0.473386 
55 0.620510 0.360058 0.620710 0.360258 
56 0.503301 0.576326 0.503501 0.576526 
57 0.384425 0.708176 0.384625 0.708376 
58 0.381646 0.775205 0.381846 0.775405 
59 0.415883 0.660388 0.416083 0.660588 
60 0.776514 0.213089 0.776714 0.213289 
61 0.307917 0.672341 0.308117 0.672541 
62 0.328159 0.639361 0.328359 0.639561 
63 0.537337 0.479806 0.537537 0.480006 
64 0.660635 0.458748 0.660835 0.458948 
65 0.532613 0.480627 0.532813 0.480827 
66 0.397813 0.410282 0.398013 0.410482 
67 0.446741 0.529215 0.446941 0.529415 
68 0.711390 0.286286 0.711590 0.286486 
69 0.396721 0.653578 0.396921 0.653778 
70 0.566981 0.293957 0.567181 0.294157 
71 0.241356 0.670446 0.241556 0.670646 
72 0.644049 0.397996 0.644249 0.398196 
73 0.469224 0.471496 0.469424 0.471696 
74 0.624172 0.330905 0.624372 0.331105 
75 0.311687 0.714504 0.311887 0.714704 
76 0.402387 0.659451 0.402587 0.659651 
77 0.613021 0.269799 0.613221 0.269999 
78 0.142822 0.867582 0.143022 0.867782 
79 0.594575 0.425204 0.594775 0.425404 
80 0.457494 0.461824 0.457694 0.462024 
81 0.505828 0.463646 0.506028 0.463846 
82 0.548634 0.398445 0.548834 0.398645 
83 0.226464 0.727122 0.226664 0.727322 
84 0.562128 0.361865 0.562328 0.362065 
85 0.412785 0.603918 0.412985 0.604118 
86 0.530136 0.330705 0.530336 0.330905 
87 0.527701 0.473761 0.527901 0.473961 
88 0.227569 0.764877 0.227769 0.765077 
89 0.464874 0.543471 0.465074 0.543671 
90 0.256982 0.813498 0.257182 0.813698 
91 0.380344 0.605536 0.380544 0.605736 
92 0.263726 0.753555 0.263926 0.753755 
93 0.454761 0.555350 0.454961 0.555550 
94 0.338520 0.662430 0.338720 0.662630 
95 0.651850 0.214439 0.652050 0.214639 
96 0.473679 0.577759 0.473879 0.577959 
97 0.136823 0.794957 0.137023 0.795157 
98 0.472437 0.486334 0.472637 0.486534 
99 0.483482 0.526021 0.483682 0.526221 
100 0.334485 0.655747 0.334685 0.655947 
101 0.373472 0.461866 0.373672 0.462066 
102 0.546374 0.494648 0.546574 0.494848 
103 0.808410 0.329962 0.808610 0.330162 
104 0.102225 0.884071 0.102425 0.884271 
105 0.497704 0.485516 0.497904 0.485716 
106 0.229182 0.825611 0.229382 0.825811 
107 0.280715 0.744162 0.280915 0.744362 
108 0.198849 0.714137 0.199049 0.714337 
109 0.538649 0.539992 0.538849 0.540192 
110 0.365734 0.546582 0.365934 0.546782 
111 0.715628 0.357960 0.715828 0.358160 
112 0.659522 0.296536 0.659722 0.296736 
113 0.288697 0.797744 0.288897 0.797944 
114 0.194837 0.849631 0.195037 0.849831 
115 0.419714 0.536915 0.419914 0.537115 
116 0.653561 0.139042 0.653761 0.139242 
117 0.834891 0.256208 0.835091 0.256408 
118 0.415297 0.515012 0.415497 0.515212 
119 0.546200 0.414751 0.546400 0.414951 
120 0.699129 0.254393 0.699329 0.254593 
121 0.654441 0.396527 0.654641 0.396727 
122 0.326514 0.528189 0.326714 0.528389 
123 0.502982 0.568320 0.503182 0.568520 
124 0.522564 0.437144 0.522764 0.437344 
125 0.341236 0.658036 0.341436 0.658236 
126 0.480984 0.523168 0.481184 0.523368 
127 0.493450 0.654015 0.493650 0.654215 
128 0.251487 0.729497 0.251687 0.729697 
129 0.616341 0.284341 0.616541 0.284541 
130 0.411076 0.544437 0.411276 0.544637 
131 0.246136 0.679415 0.246336 0.679615 
132 0.667561 0.257141 0.667761 0.257341 
133 0.514350 0.438462 0.514550 0.438662 
134 0.242389 0.720264 0.242589 0.720464 
135 0.280490 0.730086 0.280690 0.730286 
136 0.415871 0.677921 0.416071 0.678121 
137 0.510040 0.571527 0.510240 0.571727 
138 0.577802 0.452166 0.578002 0.452366 
139 0.402534 0.557250 0.402734 0.557450 
140 0.552042 0.488007 0.552242 0.488207 
141 0.503231 0.504877 0.503431 0.505077 
142 0.427781 0.593681 0.427981 0.593881 
143 0.449222 0.402729 0.449422 0.402929 
144 0.199425 0.756286 0.199625 0.756486 
145 0.613791 0.249258 0.613991 0.249458 
146 0.542857 0.570326 0.543057 0.570526 
147 0.356553 0.647904 0.356753 0.648104 
148 0.613825 0.529167 0.614025 0.529367 
149 0.332329 0.616909 0.332529 0.617109 
150 0.425126 0.580353 0.425326 0.580553 
151 0.467793 0.448146 0.467993 0.448346 
152 0.434175 0.645060 0.434375 0.645260 
153 0.469079 0.379847 0.469279 0.380047 
154 0.585482 0.329949 0.585682 0.330149 
155 0.360580 0.636366 0.360780 0.636566 
156 0.705310 0.425308 0.705510 0.425508 
157 0.604997 0.353710 0.605197 0.353910 
158 0.358033 0.456656 0.358233 0.456856 
159 0.436831 0.599032 0.437031 0.599232 
160 0.737422 0.292864 0.737622 0.293064 
161 0.516414 0.471303 0.516614 0.471503 
162 0.535675 0.486091 0.535875 0.486291 
163 0.409849 0.652035 0.410049 0.652235 
164 0.222136 0.722250 0.222336 0.722450 
165 0.722269 0.217179 0.722469 0.217379 
166 0.524248 0.473472 0.524448 0.473672 
167 0.362967 0.696363 0.363167 0.696563 
168 0.609164 0.494065 0.609364 0.494265 
169 0.285821 0.547700 0.286021 0.547900 
170 0.240620 0.819129 0.240820 0.819329 
171 0.601650 0.327804 0.601850 0.328004 
172 0.455948 0.572199 0.456148 0.572399 
173 0.493573 0.506082 0.493773 0.506282 
174 0.388126 0.494196 0.388326 0.494396 
175 0.455677 0.424679 0.455877 0.424879 
176 0.293282 0.652938 0.293482 0.653138 
177 0.256543 0.712194 0.256743 0.712394 
178 0.255577 0.659538 0.255777 0.659738 
179 0.184369 0.657240 0.184569 0.657440 
180 0.290268 0.845470 0.290468 0.845670 
181 0.635040 0.279712 0.635240 0.279912 
182 0.502898 0.553270 0.503098 0.553470 
183 0.772330 0.359425 0.772530 0.359625 
184 0.193333 0.705331 0.193533 0.705531 
185 0.610177 0.509398 0.610377 0.509598 
186 0.280523 0.783586 0.280723 0.783786 
187 0.385799 0.564687 0.385999 0.564887 
188 0.496430 0.565974 0.496630 0.566174 
189 0.668368 0.425316 0.668568 0.425516 
190 0.866098 0.079450 0.866298 0.079650 
191 0.622937 0.538633 0.623137 0.538833 
192 0.729142 0.183085 0.729342 0.183285 
193 0.774398 0.149031 0.774598 0.149231 
194 0.400687 0.613455 0.400887 0.613655 
195 0.625167 0.351214 0.625367 0.351414 
196 0.577203 0.405536 0.577403 0.405736 
197 0.334326 0.623783 0.334526 0.623983 
198 0.466906 0.691210 0.467106 0.691410 
199 0.729716 0.265806 0.729916 0.266006 
200 0.485966 0.524195 0.486166 0.524395 
201 0.441207 0.760042 0.441407 0.760242 
202 0.317040 0.771003 0.317240 0.771203 
203 0.584531 0.448139 0.584731 0.448339 
204 0.427112 0.633497 0.427312 0.633697 
205 0.535930 0.435670 0.536130 0.435870 
206 0.742103 0.121412 0.742303 0.121612 
207 0.508652 0.453816 0.508852 0.454016 
208 0.581439 0.427635 0.581639 0.427835 
209 0.448243 0.525939 0.448443 0.526139 
210 0.523470 0.381177 0.523670 0.381377 
211 0.540860 0.390337 0.541060 0.390537 
212 0.485560 0.646234 0.485760 0.646434 
213 0.890916 0.206154 0.891116 0.206354 
214 0.452568 0.638981 0.452768 0.639181 
215 0.477047 0.481800 0.477247 0.482000 
216 0.397473 0.739202 0.397673 0.739402 
217 0.620372 0.505555 0.620572 0.505755 
218 0.161064 0.930740 0.161264 0.930940 
219 0.477457 0.351188 0.477657 0.351388 
220 0.735153 0.389602 0.735353 0.389802 
221 0.639494 0.530452 0.639694 0.530652 
222 0.602295 0.489379 0.602495 0.489579 
223 0.447833 0.738636 0.448033 0.738836 
224 0.323825 0.696973 0.324025 0.697173 
225 0.647434 0.251532 0.647634 0.251732 
226 0.607164 0.350913 0.607364 0.351113 
227 0.091943 0.792564 0.092143 0.792764 
228 0.635865 0.354458 0.636065 0.354658 
229 0.367533 0.511617 0.367733 0.511817 
230 0.326669 0.631228 0.326869 0.631428 
231 0.487554 0.543612 0.487754 0.543812 
232 0.399240 0.616001 0.399440 0.616201 
233 0.552320 0.397485 0.552520 0.397685 
234 0.339884 0.743387 0.340084 0.743587 
235 0.282453 0.668615 0.282653 0.668815 
236 0.268376 0.852397 0.268576 0.852597 
237 0.652188 0.333963 0.652388 0.334163 
238 0.247287 0.762292 0.247487 0.762492 
239 0.651168 0.316735 0.651368 0.316935 
240 0.587510 0.427573 0.587710 0.427773 
241 0.778557 0.468343 0.778757 0.468543 
242 0.373930 0.727349 0.374130 0.727549 
243 0.085406 0.862720 0.085606 0.862920 
244 0.380965 0.732906 0.381165 0.733106 
245 0.155332 0.839344 0.155532 0.839544 
246 0.675827 0.376329 0.676027 0.376529 
247 0.497050 0.578876 0.497250 0.579076 
248 0.491274 0.572902 0.491474 0.573102 
249 0.912011 0.200166 0.912211 0.200366 
250 0.585778 0.228850 0.585978 0.229050 
251 0.239055 0.835924 0.239255 0.836124 
252 0.596167 0.450134 0.596367 0.450334 
253 0.375891 0.667638 0.376091 0.667838 
254 0.487526 0.608293 0.487726 0.608493 
255 0.508138 0.482252 0.508338 0.482452 
256 0.268554 0.778335 0.268754 0.778535 
257 0.523905 0.441057 0.524105 0.441257 
258 0.663608 0.248941 0.663808 0.249141 
259 0.495278 0.508158 0.495478 0.508358 
260 0.683701 0.449094 0.683901 0.449294 
261 0.196288 0.748210 0.196488 0.748410 
262 0.448157 0.616303 0.448357 0.616503 
263 0.396397 0.572351 0.396597 0.572551 
264 0.674582 0.272673 0.674782 0.272873 
265 0.341379 0.700843 0.341579 0.701043 
266 0.425707 0.609323 0.425907 0.609523 
267 0.525992 0.582642 0.526192 0.582842 
268 0.433585 0.596840 0.433785 0.597040 
269 0.176730 0.674244 0.176930 0.674444 
270 0.244796 0.712119 0.244996 0.712319 
271 0.520152 0.472124 0.520352 0.472324 
272 0.441646 0.589857 0.441846 0.590057 
273 0.550908 0.580176 0.551108 0.580376 
274 0.635550 0.391882 0.635750 0.392082 
275 0.525965 0.408501 0.526165 0.408701 
276 0.303731 0.750346 0.303931 0.750546 
277 0.443542 0.593345 0.443742 0.593545 
278 0.472587 0.508281 0.472787 0.508481 
279 0.572720 0.460489 0.572920 0.460689 
280 0.423160 0.656563 0.423360 0.656763 
281 0.486337 0.517250 0.486537 0.517450 
282 0.559867 0.411398 0.560067 0.411598 
283 0.267867 0.791190 0.268067 0.791390 
284 0.589765 0.291874 0.589965 0.292074 
285 0.688662 0.311030 0.688862 0.311230 
286 0.799954 0.307598 0.800154 0.307798 
287 0.280412 0.746045 0.280612 0.746245 
288 0.155065 0.956045 0.155265 0.956245 
289 0.444398 0.475964 0.444598 0.476164 
290 0.698863 0.348261 0.699063 0.348461 
291 0.805858 0.135687 0.806058 0.135887 
292 0.439091 0.594610 0.439291 0.594810 
293 0.608944 0.389971 0.609144 0.390171 
294 0.429175 0.446970 0.429375 0.447170 
295 0.394076 0.479958 0.394276 0.480158 
296 0.723113 0.341290 0.723313 0.341490 
297 0.171569 0.779995 0.171769 0.780195 
298 0.322361 0.697337 0.322561 0.697537 
299 0.676612 0.296757 0.676812 0.296957 
300 0.427479 0.413514 0.427679 0.413714 
301 0.397673 0.573185 0.397873 0.573385 
302 0.518495 0.550721 0.518695 0.550921 
303 0.551553 0.499575 0.551753 0.499775 
304 0.334632 0.658602 0.334832 0.658802 
305 0.568204 0.380520 0.568404 0.380720 
306 0.275886 0.692835 0.276086 0.693035 
307 0.608575 0.374680 0.608775 0.374880 
308 0.274136 0.857476 0.274336 0.857676 
309 0.390321 0.524275 0.390521 0.524475 
310 0.761108 0.168101 0.761308 0.168301 
311 0.554540 0.369534 0.554740 0.369734 
312 0.344390 0.717818 0.344590 0.718018 
313 0.509353 0.355468 0.509553 0.355668 
314 0.824978 0.052752 0.825178 0.052952 
315 0.637628 0.389773 0.637828 0.389973 
316 0.199720 0.830634 0.199920 0.830834 
317 0.302018 0.669183 0.302218 0.669383 
318 0.279315 0.776678 0.279515 0.776878 
319 0.233723 0.708096 0.233923 0.708296 
320 0.388432 0.654820 0.388632 0.655020 
321 0.519372 0.474056 0.519572 0.474256 
322 0.397700 0.562114 0.397900 0.562314 
323 0.433769 0.486344 0.433969 0.486544 
324 0.528454 0.494797 0.528654 0.494997 
325 0.710038 0.312864 0.710238 0.313064 
326 0.486187 0.556030 0.486387 0.556230 
327 0.518762 0.526609 0.518962 0.526809 
328 0.411677 0.618028 0.411877 0.618228 
329 0.533186 0.394857 0.533386 0.395057 
330 0.552532 0.533235 0.552732 0.533435 
331 0.263758 0.707831 0.263958 0.708031 
332 0.654801 0.461299 0.655001 0.461499 
333 0.609958 0.470088 0.610158 0.470288 
334 0.303306 0.574216 0.303506 0.574416 
335 0.609069 0.441207 0.609269 0.441407 
336 0.247036 0.746281 0.247236 0.746481 
337 0.596461 0.378534 0.596661 0.378734 
338 0.474164 0.539106 0.474364 0.539306 
339 0.523001 0.505296 0.523201 0.505496 
340 0.613116 0.398173 0.613316 0.398373 
341 0.294944 0.730643 0.295144 0.730843 
342 0.444821 0.600653 0.445021 0.600853 
343 0.533921 0.428909 0.534121 0.429109 
344 0.637945 0.178357 0.638145 0.178557 
345 0.512020 0.451196 0.512220 0.451396 
346 0.453925 0.514792 0.454125 0.514992 
347 0.701843 0.201171 0.702043 0.201371 
348 0.721023 0.287642 0.721223 0.287842 
349 0.529538 0.398721 0.529738 0.398921 
350 0.511469 0.512510 0.511669 0.512710 
351 0.827448 0.283092 0.827648 0.283292 
352 0.228508 0.831582 0.228708 0.831782 
353 0.293924 0.698738 0.294124 0.698938 
354 0.425142 0.636196 0.425342 0.636396 
355 0.366165 0.630111 0.366365 0.630311 
356 0.509358 0.527233 0.509558 0.527433 
357 0.319825 0.632232 0.320025 0.632432 
358 0.134024 0.847039 0.134224 0.847239 
359 0.434766 0.518822 0.434966 0.519022 
360 0.703935 0.284722 0.704135 0.284922 
361 0.500077 0.578962 0.500277 0.579162 
362 0.237487 0.808261 0.237687 0.808461 
363 0.278043 0.647905 0.278243 0.648105 
364 0.646358 0.344232 0.646558 0.344432 
365 0.542177 0.655241 0.542377 0.655441 
366 0.111689 0.854156 0.111889 0.854356 
367 0.632536 0.328657 0.632736 0.328857 
368 0.374135 0.477856 0.374335 0.478056 
369 0.481490 0.652342 0.481690 0.652542 
370 0.658136 0.309150 0.658336 0.309350 
371 0.285709 0.564921 0.285909 0.565121 
372 0.568278 0.592728 0.568478 0.592928 
373 0.366286 0.671695 0.366486 0.671895 
374 0.621991 0.374334 0.622191 0.374534 
375 0.411152 0.490520 0.411352 0.490720 
376 0.561359 0.470627 0.561559 0.470827 
377 0.548607 0.404950 0.548807 0.405150 
378 0.319747 0.739709 0.319947 0.739909 
379 0.270939 0.720706 0.271139 0.720906 
380 0.125727 0.960084 0.125927 0.960284 
381 0.569947 0.408636 0.570147 0.408836 
382 0.169461 0.756803 0.169661 0.757003 
383 0.639021 0.249866 0.639221 0.250066 
384 0.445965 0.438509 0.446165 0.438709 
385 0.549210 0.312524 0.549410 0.312724 
386 0.337180 0.598743 0.337380 0.598943 
387 0.401247 0.526289 0.401447 0.526489 
388 0.776237 0.229141 0.776437 0.229341 
389 0.556172 0.435764 0.556372 0.435964 
390 0.746909 0.364154 0.747109 0.364354 
391 0.552672 0.383869 0.552872 0.384069 
392 0.839000 0.155591 0.839200 0.155791 
393 0.840907 0.125480 0.841107 0.125680 
394 0.727012 0.228067 0.727212 0.228267 
395 0.506084 0.527689 0.506284 0.527889 
396 0.203034 0.796238 0.203234 0.796438 
397 0.546129 0.509926 0.546329 0.510126 
398 0.477209 0.494003 0.477409 0.494203 
399 0.424295 0.512337 0.424495 0.512537 
400 0.647839 0.360725 0.648039 0.360925 
401 0.484928 0.424870 0.485128 0.425070 
402 0.453313 0.470350 0.453513 0.470550 
403 0.667334 0.356481 0.667534 0.356681 
404 0.470372 0.304451 0.470572 0.304651 
405 0.538394 0.405814 0.538594 0.406014 
406 0.470299 0.547421 0.470499 0.547621 
407 0.526928 0.424277 0.527128 0.424477 
408 0.726654 0.391330 0.726854 0.391530 
409 0.282075 0.592801 0.282275 0.593001 
410 0.672634 0.232111 0.672834 0.232311 
411 0.360200 0.720232 0.360400 0.720432 
412 0.614715 0.346160 0.614915 0.346360 
413 0.739402 0.270274 0.739602 0.270474 
414 0.724426 0.388225 0.724626 0.388425 
415 0.571359 0.363034 0.571559 0.363234 
416 0.566566 0.520904 0.566766 0.521104 
417 0.862402 0.265300 0.862602 0.265500 
418 0.647910 0.382182 0.648110 0.382382 
419 0.597062 0.500251 0.597262 0.500451 
420 0.916713 0.246205 0.916913 0.246405 
421 0.566452 0.397070 0.566652 0.397270 
422 0.201836 0.775576 0.202036 0.775776 
423 0.686336 0.270852 0.686536 0.271052 
424 0.291793 0.627189 0.291993 0.627389 
425 0.576324 0.366820 0.576524 0.367020 
426 0.398445 0.668267 0.398645 0.668467 
427 0.264353 0.572739 0.264553 0.572939 
428 0.736032 0.256718 0.736232 0.256918 
429 0.289800 0.635997 0.290000 0.636197 
430 0.578456 0.492493 0.578656 0.492693 
431 0.436590 0.571986 0.436790 0.572186 
432 0.498404 0.359357 0.498604 0.359557 
433 0.290053 0.662762 0.290253 0.662962 
434 0.543001 0.231853 0.543201 0.232053 
435 0.343721 0.577990 0.343921 0.578190 
436 0.166864 0.956032 0.167064 0.956232 
437 0.510212 0.493245 0.510412 0.493445 
438 0.576459 0.383415 0.576659 0.383615 
439 0.520922 0.400186 0.521122 0.400386 
440 0.428690 0.630932 0.428890 0.631132 
441 0.203943 0.818243 0.204143 0.818443 
442 0.174504 0.817156 0.174704 0.817356 
443 0.394339 0.608433 0.394539 0.608633 
444 0.323900 0.533795 0.324100 0.533995 
445 0.490372 0.420200 0.490572 0.420400 
446 0.553592 0.436160 0.553792 0.436360 
447 0.360512 0.716063 0.360712 0.716263 
448 0.381425 0.643395 0.381625 0.643595 
449 0.547166 0.434855 0.547366 0.435055 
450 0.398984 0.557352 0.399184 0.557552 
451 0.440375 0.655440 0.440575 0.655640 
452 0.266627 0.702348 0.266827 0.702548 
453 0.787228 0.219115 0.787428 0.219315 
454 0.191283 0.763749 0.191483 0.763949 
455 0.513335 0.453351 0.513535 0.453551 
456 0.763440 0.263251 0.763640 0.263451 
457 0.657985 0.309458 0.658185 0.309658 
458 0.622497 0.375085 0.622697 0.375285 
459 0.452195 0.671926 0.452395 0.672126 
460 0.675448 0.408001 0.675648 0.408201 
461 0.636298 0.379472 0.636498 0.379672 
462 0.498960 0.588602 0.499160 0.588802 
463 0.383063 0.650947 0.383263 0.651147 
464 0.448402 0.472740 0.448602 0.472940 
465 0.385262 0.619958 0.385462 0.620158 
466 0.412179 0.540885 0.412379 0.541085 
467 0.530320 0.466544 0.530520 0.466744 
468 0.398895 0.502596 0.399095 0.502796 
469 0.903714 0.106408 0.903914 0.106608 
470 0.361106 0.803311 0.361306 0.803511 
471 0.813564 0.233492 0.813764 0.233692 
472 0.676478 0.297707 0.676678 0.297907 
473 0.722352 0.307309 0.722552 0.307509 
474 0.519571 0.538230 0.519771 0.538430 
475 0.761959 0.254942 0.762159 0.255142 
476 0.350391 0.593343 0.350591 0.593543 
477 0.759764 0.232842 0.759964 0.233042 
478 0.300263 0.662053 0.300463 0.662253 
479 0.754248 0.353116 0.754448 0.353316 
480 0.379473 0.464318 0.379673 0.464518 
481 0.495953 0.294761 0.496153 0.294961 
482 0.323988 0.779413 0.324188 0.779613 
483 0.423217 0.577322 0.423417 0.577522 
484 0.510844 0.446646 0.511044 0.446846 
485 0.625372 0.521053 0.625572 0.521253 
486 0.595653 0.366442 0.595853 0.366642 
487 0.594688 0.426966 0.594888 0.427166 
488 0.330121 0.651776 0.330321 0.651976 
489 0.304650 0.730219 0.304850 0.730419 
490 0.755648 0.351015 0.755848 0.351215 
491 0.460515 0.633108 0.460715 0.633308 
492 0.530311 0.671945 0.530511 0.672145 
493 0.407160 0.656219 0.407360 0.656419 
494 0.739919 0.221490 0.740119 0.221690 
495 0.739104 0.182395 0.739304 0.182595 
496 0.520119 0.481130 0.520319 0.481330 
497 0.609801 0.248217 0.610001 0.248417 
498 0.434458 0.596024 0.434658 0.596224 
499 0.293702 0.795204 0.293902 0.795404 
500 0.595834 0.476118 0.596034 0.476318 
501 0.429990 0.559682 0.430190 0.559882 
502 0.705448 0.231654 0.705648 0.231854 
503 0.459203 0.382723 0.459403 0.382923 
504 0.789316 0.202825 0.789516 0.203025 
505 0.396881 0.562033 0.397081 0.562233 
506 0.422001 0.577330 0.422201 0.577530 
507 0.446707 0.501575 0.446907 0.501775 
508 0.346610 0.802913 0.346810 0.803113 
509 0.622435 0.353022 0.622635 0.353222 
510 0.271735 0.789538 0.271935 0.789738 
511 0.560310 0.390453 0.560510 0.390653 
512 0.355871 0.645467 0.356071 0.645667 
513 0.536273 0.436550 0.536473 0.436750 
514 0.381047 0.588707 0.381247 0.588907 
515 0.720898 0.208400 0.721098 0.208600 
516 0.327101 0.798697 0.327301 0.798897 
517 0.457919 0.501952 0.458119 0.502152 
518 0.424854 0.591529 0.425054 0.591729 
519 0.721962 0.279304 0.722162 0.279504 
520 0.494117 0.434937 0.494317 0.435137 
521 0.785201 0.064241 0.785401 0.064441 
522 0.654404 0.288256 0.654604 0.288456 
523 0.322250 0.578171 0.322450 0.578371 
524 0.580508 0.459338 0.580708 0.459538 
525 0.454784 0.458257 0.454984 0.458457 
526 0.550945 0.595408 0.551145 0.595608 
527 0.685696 0.367924 0.685896 0.368124 
528 0.202483 0.791534 0.202683 0.791734 
529 0.909210 0.068162 0.909410 0.068362 
530 0.583090 0.338140 0.583290 0.338340 
531 0.824063 0.273168 0.824263 0.273368 
532 0.405233 0.682680 0.405433 0.682880 
533 0.203759 0.844841 0.203959 0.845041 
534 0.548862 0.290871 0.549062 0.291071 
535 0.599978 0.346182 0.600178 0.346382 
536 0.705512 0.237308 0.705712 0.237508 
537 0.999900 -0.000100 1.000100 0.000100 
538 0.669078 0.355841 0.669278 0.356041 
539 0.344728 0.780371 0.344928 0.780571 
540 0.424322 0.696583 0.424522 0.696783 
541 0.352545 0.707487 0.352745 0.707687 
542 0.655468 0.348511 0.655668 0.348711 
543 0.481174 0.455472 0.481374 0.455672 
544 0.651188 0.413335 0.651388 0.413535 
545 0.584626 0.514353 0.584826 0.514553 
546 0.462770 0.672148 0.462970 0.672348 
547 0.386452 0.523221 0.386652 0.523421 
548 0.554284 0.334509 0.554484 0.334709 
549 0.420939 0.588613 0.421139 0.588813 
550 0.459138 0.739520 0.459338 0.739720 
551 0.407089 0.415282 0.407289 0.415482 
552 0.628136 0.514237 0.628336 0.514437 
553 0.536119 0.491585 0.536319 0.491785 
554 0.506665 0.457204 0.506865 0.457404 
555 0.488992 0.475912 0.489192 0.476112 
556 0.359955 0.685351 0.360155 0.685551 
557 0.766477 0.121922 0.766677 0.122122 
558 0.666037 0.363546 0.666237 0.363746 
559 0.176583 0.892567 0.176783 0.892767 
560 0.381239 0.580526 0.381439 0.580726 
561 0.332247 0.623701 0.332447 0.623901 
562 0.722266 0.354832 0.722466 0.355032 
563 0.508252 0.541377 0.508452 0.541577 
564 0.446869 0.519335 0.447069 0.519535 
565 0.722130 0.251289 0.722330 0.251489 
566 0.591147 0.352935 0.591347 0.353135 
567 0.757534 0.325756 0.757734 0.325956 
568 0.263457 0.767925 0.263657 0.768125 
569 0.510010 0.461875 0.510210 0.462075 
570 0.563816 0.340074 0.564016 0.340274 
571 0.393281 0.588777 0.393481 0.588977 
572 0.395743 0.599970 0.395943 0.600170 
573 0.475418 0.510130 0.475618 0.510330 
574 0.629085 0.407328 0.629285 0.407528 
575 0.757722 0.290041 0.757922 0.290241 
576 0.590480 0.484674 0.590680 0.484874 
577 0.599992 0.404036 0.600192 0.404236 
578 0.409095 0.627785 0.409295 0.627985 
579 0.418872 0.452971 0.419072 0.453171 
580 0.483259 0.527759 0.483459 0.527959 
581 0.394412 0.605302 0.394612 0.605502 
582 0.556172 0.439735 0.556372 0.439935 
583 0.453718 0.541780 0.453918 0.541980 
584 0.369230 0.677033 0.369430 0.677233 
585 0.512254 0.488388 0.512454 0.488588 
586 0.467611 0.559738 0.467811 0.559938 
587 0.306000 0.649251 0.306200 0.649451 
588 0.897367 0.036898 0.897567 0.037098 
589 0.204366 0.785131 0.204566 0.785331 
590 0.319257 0.745554 0.319457 0.745754 
591 0.267938 0.765780 0.268138 0.765980 
592 0.443715 0.646099 0.443915 0.646299 
593 0.314097 0.672176 0.314297 0.672376 
594 0.417896 0.590122 0.418096 0.590322 
595 0.897665 0.086525 0.897865 0.086725 
596 0.766396 0.180110 0.766596 0.180310 
597 0.434463 0.456777 0.434663 0.456977 
598 0.706390 0.342541 0.706590 0.342741 
599 0.618442 0.316623 0.618642 0.316823 
600 0.406011 0.500916 0.406211 0.501116 
601 0.207509 0.778994 0.207709 0.779194 
602 0.480835 0.481762 0.481035 0.481962 
603 0.505734 0.472513 0.505934 0.472713 
604 0.382765 0.476738 0.382965 0.476938 
605 0.557252 0.472323 0.557452 0.472523 
606 0.445994 0.375068 0.446194 0.375268 
607 0.333070 0.533626 0.333270 0.533826 
608 0.520664 0.556072 0.520864 0.556272 
609 0.270399 0.734836 0.270599 0.735036 
610 0.717751 0.351630 0.717951 0.351830 
611 0.598229 0.379531 0.598429 0.379731 
612 0.372397 0.481958 0.372597 0.482158 
613 0.308889 0.631871 0.309089 0.632071 
614 0.271643 0.821071 0.271843 0.821271 
615 0.919467 0.101084 0.919667 0.101284 
616 0.466532 0.412498 0.466732 0.412698 
617 0.629895 0.316904 0.630095 0.317104 
618 0.544918 0.414338 0.545118 0.414538 
619 0.838826 0.270578 0.839026 0.270778 
620 0.497297 0.515938 0.497497 0.516138 
621 0.237850 0.708762 0.238050 0.708962 
622 0.998883 0.115376 0.999083 0.115576 
623 0.510631 0.417855 0.510831 0.418055 
624 0.432957 0.628764 0.433157 0.628964 
625 0.464411 0.649367 0.464611 0.649567 
626 0.673164 0.391400 0.673364 0.391600 
627 0.608132 0.465633 0.608332 0.465833 
628 0.231906 0.808687 0.232106 0.808887 
629 0.639063 0.346849 0.639263 0.347049 
630 0.621920 0.418288 0.622120 0.418488 
631 0.485306 0.392164 0.485506 0.392364 
632 0.619235 0.398265 0.619435 0.398465 
633 0.548073 0.356205 0.548273 0.356405 
634 0.721712 0.326166 0.721912 0.326366 
635 0.449961 0.614274 0.450161 0.614474 
636 0.562082 0.526430 0.562282 0.526630 
637 0.452124 0.588995 0.452324 0.589195 
638 0.210094 0.770030 0.210294 0.770230 
639 0.606305 0.316819 0.606505 0.317019 
640 0.520554 0.479055 0.520754 0.479255 
641 0.663050 0.399198 0.663250 0.399398 
642 0.418403 0.579851 0.418603 0.580051 
643 0.692562 0.367009 0.692762 0.367209 
644 0.447444 0.633207 0.447644 0.633407 
645 -0.000100 0.897018 0.000100 0.897218 
646 0.433578 0.589322 0.433778 0.589522 
647 0.482894 0.560953 0.483094 0.561153 
648 0.562952 0.366857 0.563152 0.367057 
649 0.577132 0.465521 0.577332 0.465721 
650 0.305728 0.676978 0.305928 0.677178 
651 0.622395 0.365709 0.622595 0.365909 
652 0.456513 0.568007 0.456713 0.568207 
653 0.275686 0.597224 0.275886 0.597424 
654 0.251384 0.625289 0.251584 0.625489 
655 0.608047 0.348357 0.608247 0.348557 
656 0.587585 0.417910 0.587785 0.418110 
657 0.506820 0.520568 0.507020 0.520768 
658 0.059125 0.793861 0.059325 0.794061 
659 0.596339 0.397195 0.596539 0.397395 
660 0.297938 0.766939 0.298138 0.767139 
661 0.518377 0.344277 0.518577 0.344477 
662 0.467986 0.556132 0.468186 0.556332 
663 0.344415 0.716628 0.344615 0.716828 
664 0.439895 0.598108 0.440095 0.598308 
665 0.313217 0.602957 0.313417 0.603157 
666 0.755887 0.284198 0.756087 0.284398 
667 0.772816 0.419127 0.773016 0.419327 
668 0.539701 0.503730 0.539901 0.503930 
669 0.549460 0.458549 0.549660 0.458749 
670 0.534013 0.421159 0.534213 0.421359 
671 0.676800 0.393964 0.677000 0.394164 
672 0.538297 0.294299 0.538497 0.294499 
673 0.431967 0.367637 0.432167 0.367837 
674 0.605616 0.312152 0.605816 0.312352 
675 0.493306 0.499457 0.493506 0.499657 
676 0.411275 0.578024 0.411475 0.578224 
677 0.439648 0.512745 0.439848 0.512945 
678 0.821958 0.071198 0.822158 0.071398 
679 0.412543 0.533547 0.412743 0.533747 
680 0.611816 0.352749 0.612016 0.352949 
681 0.409920 0.525824 0.410120 0.526024 
682 0.471688 0.540567 0.471888 0.540767 
683 0.487942 0.488861 0.488142 0.489061 
684 0.303273 0.669976 0.303473 0.670176 
685 0.504174 0.409589 0.504374 0.409789 
686 0.324217 0.717467 0.324417 0.717667 
687 0.425988 0.630789 0.426188 0.630989 
688 0.412716 0.794840 0.412916 0.795040 
689 0.650176 0.305041 0.650376 0.305241 
690 0.388837 0.525501 0.389037 0.525701 
691 0.447809 0.519770 0.448009 0.519970 
692 0.787155 0.289596 0.787355 0.289796 
693 0.692064 0.361349 0.692264 0.361549 
694 0.655077 0.409921 0.655277 0.410121 
695 0.499646 0.437169 0.499846 0.437369 
696 0.683099 0.335481 0.683299 0.335681 
697 0.929923 0.168138 0.930123 0.168338 
698 0.346343 0.617365 0.346543 0.617565 
699 0.358169 0.614661 0.358369 0.614861 
700 0.516077 0.463486 0.516277 0.463686 
